1713641826435 0.039993 0
1713641826459 0.039988 1
1713641826475 0.039978 2
1713641826488 0.039963 3
1713641826501 0.039945 4
1713641826507 0.039923 5
1713641826525 0.039899 6
1713641826537 0.039872 7
1713641826542 0.039843 8
1713641826563 0.039813 9
1713641826570 0.039782 10
1713641826587 0.03975 11
1713641826587 0.039717 12
1713641826612 0.039684 13
1713641826629 0.03965 14
1713641826637 0.039617 15
1713641826654 0.039584 16
1713641826654 0.039551 17
1713641826672 0.039518 18
1713641826687 0.039486 19
1713641826703 0.039455 20
1713641826709 0.039425 21
1713641826728 0.039395 22
1713641826739 0.039366 23
1713641826739 0.039338 24
1713641826754 0.039311 25
1713641826772 0.039285 26
1713641826787 0.039259 27
1713641826788 0.039235 28
1713641826805 0.039211 29
1713641826824 0.039189 30
1713641826824 0.039167 31
1713641826838 0.039146 32
1713641826853 0.039126 33
1713641826868 0.039107 34
1713641826884 0.039088 35
1713641826900 0.039071 36
1713641826910 0.039054 37
1713641826929 0.039038 38
1713641826937 0.039023 39
1713641826952 0.039008 40
1713641826968 0.038994 41
1713641826968 0.038981 42
1713641826987 0.038968 43
1713641827003 0.038956 44
1713641827003 0.038944 45
1713641827018 0.038933 46
1713641827034 0.038923 47
1713641827049 0.038913 48
1713641827065 0.038903 49
1713641827065 0.038894 50
1713641827081 0.038885 51
1713641827096 0.038877 52
1713641827112 0.038869 53
1713641827112 0.038861 54
1713641827128 0.038854 55
1713641827143 0.038847 56
1713641827159 0.03884 57
1713641827174 0.038834 58
1713641827190 0.038828 59
1713641827190 0.038822 60
1713641827206 0.038816 61
1713641827221 0.038811 62
1713641827237 0.038806 63
1713641827253 0.038801 64
1713641827253 0.038796 65
1713641827268 0.038791 66
1713641827287 0.038787 67
1713641827304 0.038783 68
1713641827319 0.038778 69
1713641827319 0.038774 70
1713641827335 0.038771 71
1713641827350 0.038767 72
1713641827366 0.038763 73
1713641827382 0.03876 74
1713641827382 0.038756 75
1713641827405 0.038753 76
1713641827405 0.03875 77
1713641827421 0.038747 78
1713641827436 0.038743 79
1713641827452 0.03874 80
1713641827468 0.038738 81
1713641827470 0.038735 82
1713641827486 0.038732 83
1713641827502 0.038729 84
1713641827517 0.038726 85
1713641827517 0.038724 86
1713641827533 0.038721 87
1713641827548 0.038719 88
1713641827564 0.038716 89
1713641827580 0.038714 90
1713641827580 0.038711 91
1713641827595 0.038709 92
1713641827611 0.038707 93
1713641827627 0.038704 94
1713641827642 0.038702 95
1713641827642 0.0387 96
1713641827658 0.038698 97
1713641827673 0.038695 98
1713641827689 0.038693 99
1713641827705 0.038691 100
1713641827705 0.038689 101
1713641827720 0.038687 102
1713641827736 0.038685 103
1713641827752 0.038682 104
1713641827767 0.03868 105
1713641827767 0.038678 106
1713641827789 0.038676 107
1713641827805 0.038674 108
1713641827805 0.038672 109
1713641827820 0.03867 110
1713641827836 0.038668 111
1713641827852 0.038666 112
1713641827867 0.038664 113
1713641827867 0.038662 114
1713641827883 0.03866 115
1713641827899 0.038658 116
1713641827914 0.038656 117
1713641827914 0.038654 118
1713641827930 0.038653 119
1713641827945 0.038651 120
1713641827961 0.038649 121
1713641827977 0.038647 122
1713641827992 0.038645 123
1713641827992 0.038643 124
1713641828008 0.038641 125
1713641828024 0.038639 126
1713641828037 0.038637 127
1713641828052 0.038635 128
1713641828052 0.038634 129
1713641828068 0.038632 130
1713641828084 0.03863 131
1713641828099 0.038628 132
1713641828099 0.038626 133
1713641828115 0.038624 134
1713641828131 0.038622 135
1713641828146 0.038621 136
1713641828185 0.038619 137
1713641828200 0.038617 138
1713641828216 0.038615 139
1713641828216 0.038613 140
1713641828232 0.038611 141
1713641828247 0.038609 142
1713641828263 0.038608 143
1713641828263 0.038606 144
1713641828279 0.038604 145
1713641828294 0.038602 146
1713641828310 0.0386 147
1713641828310 0.038599 148
1713641828326 0.038597 149
1713641828341 0.038595 150
1713641828357 0.038593 151
1713641828370 0.038591 152
1713641828370 0.038589 153
1713641828386 0.038588 154
1713641828404 0.038586 155
1713641828419 0.038584 156
1713641828419 0.038582 157
1713641828435 0.038581 158
1713641828453 0.038579 159
1713641828453 0.038577 160
1713641828469 0.038575 161
1713641828485 0.038573 162
1713641828500 0.038572 163
1713641828500 0.03857 164
1713641828516 0.038568 165
1713641828537 0.038566 166
1713641828537 0.038564 167
1713641828553 0.038563 168
1713641828570 0.038561 169
1713641828586 0.038559 170
1713641828586 0.038557 171
1713641828602 0.038556 172
1713641828617 0.038554 173
1713641828633 0.038552 174
1713641828633 0.03855 175
1713641828648 0.038549 176
1713641828664 0.038547 177
1713641828680 0.038545 178
1713641828680 0.038543 179
1713641828695 0.038542 180
1713641828721 0.03854 181
1713641828726 0.038538 182
1713641828745 0.038536 183
1713641828754 0.038535 184
1713641828770 0.038533 185
1713641828771 0.038531 186
1713641828789 0.038529 187
1713641828804 0.038528 188
1713641828804 0.038526 189
1713641828820 0.038524 190
1713641828836 0.038522 191
1713641828851 0.038521 192
1713641828851 0.038519 193
1713641828867 0.038517 194
1713641828883 0.038515 195
1713641828898 0.038514 196
1713641828914 0.038512 197
1713641828920 0.03851 198
1713641828936 0.038509 199
1713641828952 0.038507 200
1713641828952 0.038505 201
1713641828967 0.038503 202
1713641828983 0.038502 203
1713641828998 0.0385 204
1713641829014 0.038498 205
1713641829014 0.038497 206
1713641829030 0.038495 207
1713641829045 0.038493 208
1713641829061 0.038491 209
1713641829061 0.03849 210
1713641829077 0.038488 211
1713641829092 0.038486 212
1713641829108 0.038485 213
1713641829108 0.038483 214
1713641829123 0.038481 215
1713641829139 0.03848 216
1713641829155 0.038478 217
1713641829155 0.038476 218
1713641829170 0.038475 219
1713641829186 0.038473 220
1713641829202 0.038471 221
1713641829221 0.038469 222
1713641829232 0.038468 223
1713641829237 0.038466 224
1713641829252 0.038464 225
1713641829252 0.038463 226
1713641829268 0.038461 227
1713641829284 0.038459 228
1713641829299 0.038458 229
1713641829315 0.038456 230
1713641829315 0.038454 231
1713641829330 0.038453 232
1713641829346 0.038451 233
1713641829362 0.038449 234
1713641829362 0.038448 235
1713641829377 0.038446 236
1713641829393 0.038444 237
1713641829409 0.038443 238
1713641829424 0.038441 239
1713641829424 0.038439 240
1713641829440 0.038438 241
1713641829455 0.038436 242
1713641829471 0.038434 243
1713641829471 0.038433 244
1713641829487 0.038431 245
1713641829502 0.03843 246
1713641829518 0.038428 247
1713641829518 0.038426 248
1713641829534 0.038425 249
1713641829549 0.038423 250
1713641829565 0.038421 251
1713641829565 0.03842 252
1713641829580 0.038418 253
1713641829596 0.038416 254
1713641829612 0.038415 255
1713641829627 0.038413 256
1713641829627 0.038412 257
1713641829643 0.03841 258
1713641829659 0.038408 259
1713641829674 0.038407 260
1713641829674 0.038405 261
1713641829690 0.038403 262
1713641829705 0.038402 263
1713641829721 0.0384 264
1713641829721 0.038399 265
1713641829737 0.038397 266
1713641829753 0.038395 267
1713641829768 0.038394 268
1713641829768 0.038392 269
1713641829789 0.038391 270
1713641829804 0.038389 271
1713641829804 0.038387 272
1713641829820 0.038386 273
1713641829835 0.038384 274
1713641829851 0.038383 275
1713641829851 0.038381 276
1713641829867 0.038379 277
1713641829882 0.038378 278
1713641829898 0.038376 279
1713641829898 0.038375 280
1713641829913 0.038373 281
1713641829929 0.038371 282
1713641829945 0.03837 283
1713641829960 0.038368 284
1713641829976 0.038367 285
1713641829992 0.038365 286
1713641830004 0.038363 287
1713641830004 0.038362 288
1713641830019 0.03836 289
1713641830035 0.038359 290
1713641830051 0.038357 291
1713641830066 0.038356 292
1713641830066 0.038354 293
1713641830082 0.038352 294
1713641830097 0.038351 295
1713641830113 0.038349 296
1713641830113 0.038348 297
1713641830129 0.038346 298
1713641830144 0.038345 299
1713641830160 0.038343 300
1713641830160 0.038341 301
1713641830176 0.03834 302
1713641830191 0.038338 303
1713641830207 0.038337 304
1713641830222 0.038335 305
1713641830222 0.038334 306
1713641830238 0.038332 307
1713641830254 0.038331 308
1713641830269 0.038329 309
1713641830269 0.038328 310
1713641830289 0.038326 311
1713641830304 0.038324 312
1713641830304 0.038323 313
1713641830320 0.038321 314
1713641830336 0.03832 315
1713641830351 0.038318 316
1713641830351 0.038317 317
1713641830367 0.038315 318
1713641830383 0.038314 319
1713641830398 0.038312 320
1713641830404 0.038311 321
1713641830419 0.038309 322
1713641830435 0.038308 323
1713641830435 0.038306 324
1713641830451 0.038305 325
1713641830466 0.038303 326
1713641830482 0.038301 327
1713641830497 0.0383 328
1713641830497 0.038298 329
1713641830513 0.038297 330
1713641830529 0.038295 331
1713641830544 0.038294 332
1713641830544 0.038292 333
1713641830560 0.038291 334
1713641830576 0.038289 335
1713641830591 0.038288 336
1713641830591 0.038286 337
1713641830607 0.038285 338
1713641830622 0.038283 339
1713641830638 0.038282 340
1713641830638 0.03828 341
1713641830654 0.038279 342
1713641830669 0.038277 343
1713641830685 0.038276 344
1713641830685 0.038274 345
1713641830701 0.038273 346
1713641830716 0.038271 347
1713641830732 0.03827 348
1713641830747 0.038268 349
1713641830747 0.038267 350
1713641830763 0.038265 351
1713641830779 0.038264 352
1713641830803 0.038262 353
1713641830819 0.038261 354
1713641830834 0.038259 355
1713641830834 0.038258 356
1713641830850 0.038256 357
1713641830866 0.038255 358
1713641830881 0.038254 359
1713641830897 0.038252 360
1713641830904 0.038251 361
1713641830919 0.038249 362
1713641830919 0.038248 363
1713641830935 0.038246 364
1713641830951 0.038245 365
1713641830966 0.038243 366
1713641830982 0.038242 367
1713641830982 0.03824 368
1713641830997 0.038239 369
1713641831013 0.038237 370
1713641831029 0.038236 371
1713641831044 0.038234 372
1713641831044 0.038233 373
1713641831060 0.038232 374
1713641831076 0.03823 375
1713641831091 0.038229 376
1713641831091 0.038227 377
1713641831107 0.038226 378
1713641831122 0.038224 379
1713641831138 0.038223 380
1713641831138 0.038221 381
1713641831154 0.03822 382
1713641831169 0.038219 383
1713641831185 0.038217 384
1713641831201 0.038216 385
1713641831204 0.038214 386
1713641831219 0.038213 387
1713641831235 0.038211 388
1713641831235 0.03821 389
1713641831254 0.038208 390
1713641831269 0.038207 391
1713641831285 0.038206 392
1713641831287 0.038204 393
1713641831303 0.038203 394
1713641831318 0.038201 395
1713641831334 0.0382 396
1713641831334 0.038198 397
1713641831350 0.038197 398
1713641831365 0.038196 399
1713641831381 0.038194 400
1713641831381 0.038193 401
1713641831396 0.038191 402
1713641831412 0.03819 403
1713641831428 0.038189 404
1713641831428 0.038187 405
1713641831454 0.038186 406
1713641831454 0.038184 407
1713641831469 0.038183 408
1713641831485 0.038182 409
1713641831501 0.03818 410
1713641831501 0.038179 411
1713641831516 0.038177 412
1713641831532 0.038176 413
1713641831547 0.038175 414
1713641831563 0.038173 415
1713641831563 0.038172 416
1713641831579 0.03817 417
1713641831594 0.038169 418
1713641831610 0.038168 419
1713641831610 0.038166 420
1713641831626 0.038165 421
1713641831641 0.038163 422
1713641831657 0.038162 423
1713641831657 0.038161 424
1713641831672 0.038159 425
1713641831688 0.038158 426
1713641831704 0.038156 427
1713641831704 0.038155 428
1713641831719 0.038154 429
1713641831735 0.038152 430
1713641831751 0.038151 431
1713641831751 0.03815 432
1713641831766 0.038148 433
1713641831787 0.038147 434
1713641831787 0.038145 435
1713641831806 0.038144 436
1713641831821 0.038143 437
1713641831821 0.038141 438
1713641831837 0.03814 439
1713641831853 0.038139 440
1713641831868 0.038137 441
1713641831884 0.038136 442
1713641831884 0.038134 443
1713641831900 0.038133 444
1713641831915 0.038132 445
1713641831931 0.03813 446
1713641831946 0.038129 447
1713641831962 0.038128 448
1713641831971 0.038126 449
1713641831987 0.038125 450
1713641832002 0.038124 451
1713641832002 0.038122 452
1713641832018 0.038121 453
1713641832034 0.03812 454
1713641832049 0.038118 455
1713641832049 0.038117 456
1713641832065 0.038116 457
1713641832080 0.038114 458
1713641832096 0.038113 459
1713641832104 0.038112 460
1713641832119 0.03811 461
1713641832119 0.038109 462
1713641832135 0.038108 463
1713641832151 0.038106 464
1713641832166 0.038105 465
1713641832182 0.038104 466
1713641832197 0.038102 467
1713641832197 0.038101 468
1713641832213 0.0381 469
1713641832229 0.038098 470
1713641832244 0.038097 471
1713641832260 0.038096 472
1713641832260 0.038094 473
1713641832276 0.038093 474
1713641832291 0.038092 475
1713641832307 0.03809 476
1713641832322 0.038089 477
1713641832322 0.038088 478
1713641832338 0.038086 479
1713641832354 0.038085 480
1713641832369 0.038084 481
1713641832385 0.038082 482
1713641832385 0.038081 483
1713641832401 0.03808 484
1713641832432 0.038078 485
1713641832447 0.038077 486
1713641832463 0.038076 487
1713641832494 0.038075 488
1713641832520 0.038073 489
1713641832537 0.038072 490
1713641832553 0.038071 491
1713641832584 0.038069 492
1713641832599 0.038068 493
1713641832631 0.038067 494
1713641832646 0.038065 495
1713641832678 0.038064 496
1713641832693 0.038063 497
1713641832709 0.038062 498
1713641832740 0.03806 499
1713641832756 0.038059 500
1713641832771 0.038058 501
1713641832787 0.038056 502
1713641832807 0.038055 503
1713641832824 0.038054 504
1713641832840 0.038053 505
1713641832855 0.038051 506
1713641832871 0.03805 507
1713641832871 0.038049 508
1713641832887 0.038047 509
1713641832902 0.038046 510
1713641832918 0.038045 511
1713641832918 0.038044 512
1713641832934 0.038042 513
1713641832949 0.038041 514
1713641832965 0.03804 515
1713641832980 0.038039 516
1713641833002 0.038037 517
1713641833014 0.038036 518
1713641833026 0.038035 519
1713641833039 0.038033 520
1713641833041 0.038032 521
1713641833054 0.038031 522
1713641833071 0.03803 523
1713641833088 0.038028 524
1713641833106 0.038027 525
1713641833118 0.038026 526
1713641833121 0.038025 527
1713641833138 0.038023 528
1713641833155 0.038022 529
1713641833168 0.038021 530
1713641833171 0.03802 531
1713641833188 0.038018 532
1713641833208 0.038017 533
1713641833219 0.038016 534
1713641833220 0.038015 535
1713641833238 0.038013 536
1713641833254 0.038012 537
1713641833254 0.038011 538
1713641833269 0.03801 539
1713641833285 0.038008 540
1713641833301 0.038007 541
1713641833301 0.038006 542
1713641833316 0.038005 543
1713641833332 0.038003 544
1713641833347 0.038002 545
1713641833347 0.038001 546
1713641833363 0.038 547
1713641833379 0.037999 548
1713641833394 0.037997 549
1713641833410 0.037996 550
1713641833410 0.037995 551
1713641833426 0.037994 552
1713641833441 0.037992 553
1713641833457 0.037991 554
1713641833457 0.03799 555
1713641833472 0.037989 556
1713641833488 0.037987 557
1713641833504 0.037986 558
1713641833519 0.037985 559
1713641833519 0.037984 560
1713641833535 0.037983 561
1713641833551 0.037981 562
1713641833566 0.03798 563
1713641833566 0.037979 564
1713641833582 0.037978 565
1713641833598 0.037977 566
1713641833613 0.037975 567
1713641833613 0.037974 568
1713641833629 0.037973 569
1713641833644 0.037972 570
1713641833660 0.037971 571
1713641833676 0.037969 572
1713641833688 0.037968 573
1713641833694 0.037967 574
1713641833707 0.037966 575
1713641833724 0.037965 576
1713641833735 0.037963 577
1713641833747 0.037962 578
1713641833754 0.037961 579
1713641833769 0.03796 580
1713641833769 0.037959 581
1713641833785 0.037957 582
1713641833801 0.037956 583
1713641833816 0.037955 584
1713641833822 0.037954 585
1713641833838 0.037953 586
1713641833853 0.037951 587
1713641833853 0.03795 588
1713641833869 0.037949 589
1713641833889 0.037948 590
1713641833904 0.037947 591
1713641833916 0.037945 592
1713641833924 0.037944 593
1713641833942 0.037943 594
1713641833957 0.037942 595
1713641833970 0.037941 596
1713641833982 0.03794 597
1713641833987 0.037938 598
1713641834007 0.037937 599
1713641834019 0.037936 600
1713641834024 0.037935 601
1713641834044 0.037934 602
1713641834057 0.037933 603
1713641834058 0.037931 604
1713641834080 0.03793 605
1713641834092 0.037929 606
1713641834106 0.037928 607
1713641834118 0.037927 608
1713641834120 0.037926 609
1713641834142 0.037924 610
1713641834154 0.037923 611
1713641834157 0.037922 612
1713641834178 0.037921 613
1713641834187 0.03792 614
1713641834187 0.037919 615
1713641834214 0.037917 616
1713641834224 0.037916 617
1713641834240 0.037915 618
1713641834251 0.037914 619
1713641834254 0.037913 620
1713641834270 0.037912 621
1713641834286 0.037911 622
1713641834286 0.037909 623
1713641834302 0.037908 624
1713641834317 0.037907 625
1713641834333 0.037906 626
1713641834333 0.037905 627
1713641834349 0.037904 628
1713641834364 0.037903 629
1713641834380 0.037901 630
1713641834380 0.0379 631
1713641834395 0.037899 632
1713641834420 0.037898 633
1713641834432 0.037897 634
1713641834437 0.037896 635
1713641834452 0.037895 636
1713641834468 0.037894 637
1713641834468 0.037892 638
1713641834484 0.037891 639
1713641834499 0.03789 640
1713641834515 0.037889 641
1713641834515 0.037888 642
1713641834530 0.037887 643
1713641834546 0.037886 644
1713641834562 0.037885 645
1713641834577 0.037883 646
1713641834577 0.037882 647
1713641834593 0.037881 648
1713641834609 0.03788 649
1713641834624 0.037879 650
1713641834624 0.037878 651
1713641834640 0.037877 652
1713641834655 0.037876 653
1713641834671 0.037874 654
1713641834671 0.037873 655
1713641834687 0.037872 656
1713641834710 0.037871 657
1713641834720 0.03787 658
1713641834720 0.037869 659
1713641834736 0.037868 660
1713641834752 0.037867 661
1713641834767 0.037866 662
1713641834767 0.037864 663
1713641834783 0.037863 664
1713641834799 0.037862 665
1713641834814 0.037861 666
1713641834822 0.03786 667
1713641834836 0.037859 668
1713641834852 0.037858 669
1713641834868 0.037857 670
1713641834875 0.037856 671
1713641834894 0.037855 672
1713641834907 0.037854 673
1713641834908 0.037852 674
1713641834931 0.037851 675
1713641834942 0.03785 676
1713641834959 0.037849 677
1713641834974 0.037848 678
1713641834989 0.037847 679
1713641835000 0.037846 680
1713641835004 0.037845 681
1713641835026 0.037844 682
1713641835039 0.037843 683
1713641835039 0.037842 684
1713641835065 0.03784 685
1713641835071 0.037839 686
1713641835091 0.037838 687
1713641835102 0.037837 688
1713641835108 0.037836 689
1713641835127 0.037835 690
1713641835140 0.037834 691
1713641835142 0.037833 692
1713641835165 0.037832 693
1713641835170 0.037831 694
1713641835190 0.03783 695
1713641835203 0.037829 696
1713641835206 0.037828 697
1713641835229 0.037827 698
1713641835237 0.037825 699
1713641835254 0.037824 700
1713641835267 0.037823 701
1713641835274 0.037822 702
1713641835291 0.037821 703
1713641835302 0.03782 704
1713641835312 0.037819 705
1713641835327 0.037818 706
1713641835337 0.037817 707
1713641835337 0.037816 708
1713641835365 0.037815 709
1713641835374 0.037814 710
1713641835390 0.037813 711
1713641835402 0.037812 712
1713641835410 0.037811 713
1713641835427 0.03781 714
1713641835437 0.037809 715
1713641835437 0.037808 716
1713641835453 0.037806 717
1713641835469 0.037805 718
1713641835484 0.037804 719
1713641835500 0.037803 720
1713641835500 0.037802 721
1713641835515 0.037801 722
1713641835531 0.0378 723
1713641835547 0.037799 724
1713641835547 0.037798 725
1713641835562 0.037797 726
1713641835578 0.037796 727
1713641835588 0.037795 728
1713641835603 0.037794 729
1713641835619 0.037793 730
1713641835619 0.037792 731
1713641835634 0.037791 732
1713641835650 0.03779 733
1713641835665 0.037789 734
1713641835681 0.037788 735
1713641835681 0.037787 736
1713641835697 0.037786 737
1713641835712 0.037785 738
1713641835728 0.037784 739
1713641835728 0.037783 740
1713641835744 0.037782 741
1713641835759 0.037781 742
1713641835775 0.03778 743
1713641835790 0.037779 744
1713641835790 0.037778 745
1713641835806 0.037777 746
1713641835822 0.037775 747
1713641835837 0.037774 748
1713641835839 0.037773 749
1713641835854 0.037772 750
1713641835870 0.037771 751
1713641835886 0.03777 752
1713641835914 0.037769 753
1713641835921 0.037768 754
1713641835936 0.037767 755
1713641835952 0.037766 756
1713641835952 0.037765 757
1713641835968 0.037764 758
1713641835983 0.037763 759
1713641835999 0.037762 760
1713641835999 0.037761 761
1713641836014 0.03776 762
1713641836030 0.037759 763
1713641836046 0.037758 764
1713641836046 0.037757 765
1713641836070 0.037756 766
1713641836070 0.037755 767
1713641836086 0.037754 768
1713641836102 0.037753 769
1713641836117 0.037752 770
1713641836117 0.037751 771
1713641836133 0.03775 772
1713641836149 0.037749 773
1713641836164 0.037748 774
1713641836180 0.037747 775
1713641836180 0.037746 776
1713641836195 0.037745 777
1713641836211 0.037744 778
1713641836227 0.037743 779
1713641836227 0.037742 780
1713641836242 0.037741 781
1713641836258 0.03774 782
1713641836270 0.037739 783
1713641836270 0.037739 784
1713641836286 0.037738 785
1713641836302 0.037737 786
1713641836317 0.037736 787
1713641836333 0.037735 788
1713641836333 0.037734 789
1713641836349 0.037733 790
1713641836364 0.037732 791
1713641836380 0.037731 792
1713641836380 0.03773 793
1713641836395 0.037729 794
1713641836411 0.037728 795
1713641836427 0.037727 796
1713641836442 0.037726 797
1713641836442 0.037725 798
1713641836458 0.037724 799
1713641836474 0.037723 800
1713641836489 0.037722 801
1713641836489 0.037721 802
1713641836505 0.03772 803
1713641836520 0.037719 804
1713641836536 0.037718 805
1713641836552 0.037717 806
1713641836554 0.037716 807
1713641836569 0.037715 808
1713641836585 0.037714 809
1713641836585 0.037713 810
1713641836601 0.037712 811
1713641836616 0.037711 812
1713641836632 0.03771 813
1713641836647 0.037709 814
1713641836647 0.037709 815
1713641836663 0.037708 816
1713641836679 0.037707 817
1713641836694 0.037706 818
1713641836694 0.037705 819
1713641836710 0.037704 820
1713641836720 0.037703 821
1713641836736 0.037702 822
1713641836754 0.037701 823
1713641836754 0.0377 824
1713641836769 0.037699 825
1713641836785 0.037698 826
1713641836801 0.037697 827
1713641836816 0.037696 828
1713641836816 0.037695 829
1713641836840 0.037694 830
1713641836840 0.037693 831
1713641836855 0.037692 832
1713641836871 0.037691 833
1713641836887 0.037691 834
1713641836887 0.03769 835
1713641836902 0.037689 836
1713641836918 0.037688 837
1713641836933 0.037687 838
1713641836949 0.037686 839
1713641836949 0.037685 840
1713641836965 0.037684 841
1713641836980 0.037683 842
1713641836996 0.037682 843
1713641837012 0.037681 844
1713641837012 0.03768 845
1713641837027 0.037679 846
1713641837043 0.037678 847
1713641837058 0.037678 848
1713641837058 0.037677 849
1713641837074 0.037676 850
1713641837090 0.037675 851
1713641837105 0.037674 852
1713641837105 0.037673 853
1713641837121 0.037672 854
1713641837137 0.037671 855
1713641837152 0.03767 856
1713641837168 0.037669 857
1713641837168 0.037668 858
1713641837183 0.037667 859
1713641837199 0.037667 860
1713641837215 0.037666 861
1713641837215 0.037665 862
1713641837230 0.037664 863
1713641837246 0.037663 864
1713641837262 0.037662 865
1713641837277 0.037661 866
1713641837293 0.03766 867
1713641837293 0.037659 868
1713641837308 0.037658 869
1713641837324 0.037657 870
1713641837340 0.037657 871
1713641837340 0.037656 872
1713641837355 0.037655 873
1713641837371 0.037654 874
1713641837387 0.037653 875
1713641837402 0.037652 876
1713641837402 0.037651 877
1713641837418 0.03765 878
1713641837433 0.037649 879
1713641837449 0.037648 880
1713641837465 0.037648 881
1713641837465 0.037647 882
1713641837480 0.037646 883
1713641837496 0.037645 884
1713641837512 0.037644 885
1713641837527 0.037643 886
1713641837527 0.037642 887
1713641837543 0.037641 888
1713641837558 0.03764 889
1713641837574 0.03764 890
1713641837590 0.037639 891
1713641837590 0.037638 892
1713641837605 0.037637 893
1713641837621 0.037636 894
1713641837637 0.037635 895
1713641837652 0.037634 896
1713641837652 0.037633 897
1713641837668 0.037632 898
1713641837683 0.037632 899
1713641837699 0.037631 900
1713641837699 0.03763 901
1713641837715 0.037629 902
1713641837730 0.037628 903
1713641837746 0.037627 904
1713641837761 0.037626 905
1713641837777 0.037625 906
1713641837777 0.037625 907
1713641837793 0.037624 908
1713641837808 0.037623 909
1713641837828 0.037622 910
1713641837828 0.037621 911
1713641837843 0.03762 912
1713641837855 0.037619 913
1713641837871 0.037618 914
1713641837887 0.037618 915
1713641837887 0.037617 916
1713641837903 0.037616 917
1713641837918 0.037615 918
1713641837934 0.037614 919
1713641837950 0.037613 920
1713641837950 0.037612 921
1713641837965 0.037612 922
1713641837981 0.037611 923
1713641837996 0.03761 924
1713641837996 0.037609 925
1713641838012 0.037608 926
1713641838028 0.037607 927
1713641838043 0.037606 928
1713641838059 0.037606 929
1713641838059 0.037605 930
1713641838075 0.037604 931
1713641838090 0.037603 932
1713641838106 0.037602 933
1713641838106 0.037601 934
1713641838121 0.0376 935
1713641838137 0.0376 936
1713641838153 0.037599 937
1713641838153 0.037598 938
1713641838170 0.037597 939
1713641838186 0.037596 940
1713641838202 0.037595 941
1713641838202 0.037595 942
1713641838217 0.037594 943
1713641838237 0.037593 944
1713641838237 0.037592 945
1713641838253 0.037591 946
1713641838268 0.03759 947
1713641838284 0.037589 948
1713641838284 0.037589 949
1713641838300 0.037588 950
1713641838315 0.037587 951
1713641838331 0.037586 952
1713641838331 0.037585 953
1713641838346 0.037584 954
1713641838362 0.037584 955
1713641838378 0.037583 956
1713641838378 0.037582 957
1713641838393 0.037581 958
1713641838409 0.03758 959
1713641838425 0.037579 960
1713641838440 0.037579 961
1713641838440 0.037578 962
1713641838456 0.037577 963
1713641838472 0.037576 964
1713641838487 0.037575 965
1713641838487 0.037574 966
1713641838503 0.037574 967
1713641838518 0.037573 968
1713641838534 0.037572 969
1713641838534 0.037571 970
1713641838550 0.03757 971
1713641838565 0.03757 972
1713641838581 0.037569 973
1713641838581 0.037568 974
1713641838596 0.037567 975
1713641838612 0.037566 976
1713641838628 0.037565 977
1713641838628 0.037565 978
1713641838643 0.037564 979
1713641838659 0.037563 980
1713641838675 0.037562 981
1713641838690 0.037561 982
1713641838690 0.037561 983
1713641838706 0.03756 984
1713641838721 0.037559 985
1713641838737 0.037558 986
1713641838737 0.037557 987
1713641838753 0.037557 988
1713641838768 0.037556 989
1713641838784 0.037555 990
1713641838784 0.037554 991
1713641838800 0.037553 992
1713641838815 0.037552 993
1713641838831 0.037552 994
1713641838831 0.037551 995
1713641838856 0.03755 996
1713641838856 0.037549 997
1713641838872 0.037548 998
1713641838888 0.037548 999
