1713559173284 0.072899 0
1713559173302 0.072802 1
1713559173306 0.072617 2
1713559173311 0.072355 3
1713559173318 0.072026 4
1713559173322 0.071639 5
1713559173327 0.071202 6
1713559173331 0.070725 7
1713559173336 0.070213 8
1713559173340 0.069674 9
1713559173344 0.069113 10
1713559173349 0.068537 11
1713559173354 0.06795 12
1713559173358 0.067357 13
1713559173363 0.066761 14
1713559173369 0.066166 15
1713559173374 0.065575 16
1713559173378 0.06499 17
1713559173384 0.064414 18
1713559173388 0.063849 19
1713559173392 0.063296 20
1713559173398 0.062756 21
1713559173403 0.06223 22
1713559173407 0.06172 23
1713559173411 0.061226 24
1713559173416 0.060748 25
1713559173421 0.060286 26
1713559173426 0.059842 27
1713559173430 0.059414 28
1713559173435 0.059004 29
1713559173439 0.058609 30
1713559173443 0.058232 31
1713559173448 0.05787 32
1713559173452 0.057525 33
1713559173457 0.057195 34
1713559173461 0.05688 35
1713559173465 0.056579 36
1713559173470 0.056293 37
1713559173475 0.05602 38
1713559173478 0.055761 39
1713559173486 0.055514 40
1713559173494 0.05528 41
1713559173506 0.055057 42
1713559173512 0.054845 43
1713559173522 0.054645 44
1713559173531 0.054454 45
1713559173538 0.054273 46
1713559173548 0.054102 47
1713559173556 0.053939 48
1713559173564 0.053785 49
1713559173574 0.053639 50
1713559173585 0.0535 51
1713559173591 0.053369 52
1713559173600 0.053244 53
1713559173609 0.053126 54
1713559173617 0.053014 55
1713559173627 0.052908 56
1713559173635 0.052808 57
1713559173642 0.052713 58
1713559173653 0.052622 59
1713559173661 0.052537 60
1713559173668 0.052455 61
1713559173676 0.052378 62
1713559173684 0.052305 63
1713559173693 0.052235 64
1713559173702 0.052169 65
1713559173710 0.052106 66
1713559173718 0.052046 67
1713559173727 0.051989 68
1713559173735 0.051934 69
1713559173743 0.051882 70
1713559173751 0.051833 71
1713559173757 0.051786 72
1713559173763 0.051741 73
1713559173772 0.051698 74
1713559173779 0.051657 75
1713559173784 0.051617 76
1713559173790 0.051579 77
1713559173801 0.051543 78
1713559173809 0.051508 79
1713559173816 0.051475 80
1713559173822 0.051443 81
1713559173829 0.051412 82
1713559173837 0.051382 83
1713559173843 0.051353 84
1713559173848 0.051325 85
1713559173853 0.051298 86
1713559173857 0.051272 87
1713559173860 0.051247 88
1713559173866 0.051222 89
1713559173870 0.051199 90
1713559173874 0.051175 91
1713559173878 0.051153 92
1713559173884 0.051131 93
1713559173888 0.05111 94
1713559173892 0.051089 95
1713559173896 0.051069 96
1713559173902 0.051049 97
1713559173907 0.051029 98
1713559173911 0.05101 99
1713559173917 0.050991 100
1713559173923 0.050973 101
1713559173927 0.050955 102
1713559173933 0.050937 103
1713559173939 0.05092 104
1713559173943 0.050903 105
1713559173950 0.050886 106
1713559173954 0.050869 107
1713559173958 0.050853 108
1713559173964 0.050836 109
1713559173969 0.05082 110
1713559173974 0.050805 111
1713559173978 0.050789 112
1713559173982 0.050773 113
1713559173986 0.050758 114
1713559173990 0.050743 115
1713559173994 0.050728 116
1713559173998 0.050713 117
1713559174002 0.050698 118
1713559174006 0.050683 119
1713559174010 0.050668 120
1713559174014 0.050654 121
1713559174018 0.050639 122
1713559174022 0.050625 123
1713559174025 0.050611 124
1713559174030 0.050597 125
1713559174034 0.050582 126
1713559174037 0.050568 127
1713559174042 0.050554 128
1713559174047 0.05054 129
1713559174051 0.050527 130
1713559174056 0.050513 131
1713559174061 0.050499 132
1713559174065 0.050485 133
1713559174069 0.050472 134
1713559174073 0.050458 135
1713559174076 0.050444 136
1713559174080 0.050431 137
1713559174085 0.050417 138
1713559174088 0.050404 139
1713559174092 0.050391 140
1713559174096 0.050377 141
1713559174100 0.050364 142
1713559174104 0.050351 143
1713559174108 0.050337 144
1713559174111 0.050324 145
1713559174116 0.050311 146
1713559174120 0.050298 147
1713559174124 0.050284 148
1713559174127 0.050271 149
1713559174132 0.050258 150
1713559174136 0.050245 151
1713559174140 0.050232 152
1713559174144 0.050219 153
1713559174150 0.050206 154
1713559174154 0.050193 155
1713559174159 0.05018 156
1713559174164 0.050167 157
1713559174169 0.050154 158
1713559174173 0.050141 159
1713559174177 0.050128 160
1713559174184 0.050115 161
1713559174189 0.050102 162
1713559174193 0.050089 163
1713559174199 0.050076 164
1713559174203 0.050064 165
1713559174207 0.050051 166
1713559174211 0.050038 167
1713559174216 0.050025 168
1713559174220 0.050012 169
1713559174226 0.05 170
1713559174231 0.049987 171
1713559174236 0.049974 172
1713559174242 0.049961 173
1713559174245 0.049949 174
1713559174250 0.049936 175
1713559174254 0.049923 176
1713559174258 0.049911 177
1713559174263 0.049898 178
1713559174266 0.049885 179
1713559174272 0.049873 180
1713559174275 0.04986 181
1713559174280 0.049848 182
1713559174283 0.049835 183
1713559174287 0.049822 184
1713559174291 0.04981 185
1713559174295 0.049797 186
1713559174299 0.049785 187
1713559174303 0.049772 188
1713559174307 0.04976 189
1713559174311 0.049747 190
1713559174317 0.049735 191
1713559174320 0.049722 192
1713559174324 0.04971 193
1713559174328 0.049697 194
1713559174332 0.049685 195
1713559174336 0.049673 196
1713559174340 0.04966 197
1713559174343 0.049648 198
1713559174348 0.049635 199
1713559174352 0.049623 200
1713559174355 0.049611 201
1713559174360 0.049598 202
1713559174366 0.049586 203
1713559174370 0.049574 204
1713559174374 0.049561 205
1713559174379 0.049549 206
1713559174383 0.049537 207
1713559174386 0.049525 208
1713559174390 0.049512 209
1713559174394 0.0495 210
1713559174398 0.049488 211
1713559174402 0.049476 212
1713559174407 0.049463 213
1713559174410 0.049451 214
1713559174414 0.049439 215
1713559174418 0.049427 216
1713559174422 0.049415 217
1713559174426 0.049403 218
1713559174430 0.04939 219
1713559174434 0.049378 220
1713559174438 0.049366 221
1713559174441 0.049354 222
1713559174444 0.049342 223
1713559174449 0.04933 224
1713559174453 0.049318 225
1713559174457 0.049306 226
1713559174460 0.049294 227
1713559174466 0.049282 228
1713559174469 0.04927 229
1713559174473 0.049258 230
1713559174476 0.049246 231
1713559174481 0.049234 232
1713559174485 0.049222 233
1713559174489 0.04921 234
1713559174492 0.049198 235
1713559174497 0.049186 236
1713559174501 0.049174 237
1713559174504 0.049162 238
1713559174508 0.04915 239
1713559174512 0.049138 240
1713559174516 0.049126 241
1713559174520 0.049114 242
1713559174524 0.049103 243
1713559174528 0.049091 244
1713559174532 0.049079 245
1713559174536 0.049067 246
1713559174540 0.049055 247
1713559174543 0.049043 248
1713559174548 0.049032 249
1713559174552 0.04902 250
1713559174556 0.049008 251
1713559174560 0.048996 252
1713559174565 0.048985 253
1713559174569 0.048973 254
1713559174573 0.048961 255
1713559174577 0.048949 256
1713559174583 0.048938 257
1713559174587 0.048926 258
1713559174591 0.048914 259
1713559174595 0.048903 260
1713559174600 0.048891 261
1713559174604 0.048879 262
1713559174609 0.048868 263
1713559174615 0.048856 264
1713559174619 0.048844 265
1713559174622 0.048833 266
1713559174626 0.048821 267
1713559174630 0.04881 268
1713559174634 0.048798 269
1713559174638 0.048786 270
1713559174642 0.048775 271
1713559174646 0.048763 272
1713559174651 0.048752 273
1713559174655 0.04874 274
1713559174659 0.048729 275
1713559174663 0.048717 276
1713559174667 0.048706 277
1713559174671 0.048694 278
1713559174675 0.048683 279
1713559174679 0.048671 280
1713559174684 0.04866 281
1713559174687 0.048649 282
1713559174691 0.048637 283
1713559174694 0.048626 284
1713559174699 0.048614 285
1713559174703 0.048603 286
1713559174707 0.048592 287
1713559174710 0.04858 288
1713559174714 0.048569 289
1713559174719 0.048558 290
1713559174723 0.048546 291
1713559174726 0.048535 292
1713559174730 0.048524 293
1713559174734 0.048512 294
1713559174738 0.048501 295
1713559174742 0.04849 296
1713559174745 0.048478 297
1713559174749 0.048467 298
1713559174753 0.048456 299
1713559174757 0.048445 300
1713559174761 0.048434 301
1713559174766 0.048422 302
1713559174769 0.048411 303
1713559174773 0.0484 304
1713559174776 0.048389 305
1713559174781 0.048378 306
1713559174785 0.048366 307
1713559174789 0.048355 308
1713559174792 0.048344 309
1713559174797 0.048333 310
1713559174803 0.048322 311
1713559174807 0.048311 312
1713559174810 0.0483 313
1713559174816 0.048289 314
1713559174819 0.048278 315
1713559174823 0.048266 316
1713559174827 0.048255 317
1713559174831 0.048244 318
1713559174836 0.048233 319
1713559174840 0.048222 320
1713559174844 0.048211 321
1713559174849 0.0482 322
1713559174854 0.048189 323
1713559174858 0.048178 324
1713559174863 0.048167 325
1713559174868 0.048156 326
1713559174871 0.048145 327
1713559174875 0.048135 328
1713559174878 0.048124 329
1713559174882 0.048113 330
1713559174886 0.048102 331
1713559174890 0.048091 332
1713559174894 0.04808 333
1713559174898 0.048069 334
1713559174902 0.048058 335
1713559174906 0.048047 336
1713559174909 0.048037 337
1713559174913 0.048026 338
1713559174919 0.048015 339
1713559174921 0.048004 340
1713559174926 0.047993 341
1713559174930 0.047983 342
1713559174934 0.047972 343
1713559174938 0.047961 344
1713559174941 0.04795 345
1713559174945 0.047939 346
1713559174949 0.047929 347
1713559174953 0.047918 348
1713559174957 0.047907 349
1713559174961 0.047897 350
1713559174966 0.047886 351
1713559174970 0.047875 352
1713559174974 0.047864 353
1713559174978 0.047854 354
1713559174982 0.047843 355
1713559174987 0.047833 356
1713559174990 0.047822 357
1713559174994 0.047811 358
1713559174998 0.047801 359
1713559175002 0.04779 360
1713559175006 0.047779 361
1713559175010 0.047769 362
1713559175015 0.047758 363
1713559175019 0.047748 364
1713559175023 0.047737 365
1713559175026 0.047727 366
1713559175032 0.047716 367
1713559175037 0.047706 368
1713559175041 0.047695 369
1713559175046 0.047685 370
1713559175051 0.047674 371
1713559175056 0.047664 372
1713559175059 0.047653 373
1713559175064 0.047643 374
1713559175067 0.047632 375
1713559175071 0.047622 376
1713559175075 0.047611 377
1713559175079 0.047601 378
1713559175083 0.04759 379
1713559175086 0.04758 380
1713559175091 0.04757 381
1713559175095 0.047559 382
1713559175098 0.047549 383
1713559175102 0.047538 384
1713559175106 0.047528 385
1713559175110 0.047518 386
1713559175115 0.047507 387
1713559175119 0.047497 388
1713559175123 0.047487 389
1713559175126 0.047477 390
1713559175131 0.047466 391
1713559175135 0.047456 392
1713559175138 0.047446 393
1713559175142 0.047435 394
1713559175146 0.047425 395
1713559175150 0.047415 396
1713559175154 0.047405 397
1713559175158 0.047394 398
1713559175162 0.047384 399
1713559175166 0.047374 400
1713559175170 0.047364 401
1713559175174 0.047354 402
1713559175179 0.047343 403
1713559175184 0.047333 404
1713559175189 0.047323 405
1713559175193 0.047313 406
1713559175196 0.047303 407
1713559175202 0.047293 408
1713559175208 0.047283 409
1713559175212 0.047272 410
1713559175218 0.047262 411
1713559175222 0.047252 412
1713559175226 0.047242 413
1713559175232 0.047232 414
1713559175237 0.047222 415
1713559175241 0.047212 416
1713559175245 0.047202 417
1713559175251 0.047192 418
1713559175255 0.047182 419
1713559175258 0.047172 420
1713559175262 0.047162 421
1713559175267 0.047152 422
1713559175271 0.047142 423
1713559175274 0.047132 424
1713559175278 0.047122 425
1713559175282 0.047112 426
1713559175287 0.047102 427
1713559175291 0.047092 428
1713559175294 0.047082 429
1713559175299 0.047072 430
1713559175303 0.047062 431
1713559175306 0.047052 432
1713559175310 0.047043 433
1713559175316 0.047033 434
1713559175320 0.047023 435
1713559175324 0.047013 436
1713559175327 0.047003 437
1713559175331 0.046993 438
1713559175336 0.046983 439
1713559175340 0.046974 440
1713559175343 0.046964 441
1713559175347 0.046954 442
1713559175352 0.046944 443
1713559175356 0.046934 444
1713559175360 0.046925 445
1713559175364 0.046915 446
1713559175368 0.046905 447
1713559175372 0.046895 448
1713559175376 0.046886 449
1713559175379 0.046876 450
1713559175384 0.046866 451
1713559175388 0.046856 452
1713559175392 0.046847 453
1713559175395 0.046837 454
1713559175400 0.046827 455
1713559175404 0.046818 456
1713559175408 0.046808 457
1713559175411 0.046798 458
1713559175416 0.046789 459
1713559175420 0.046779 460
1713559175424 0.046769 461
1713559175428 0.04676 462
1713559175432 0.04675 463
1713559175436 0.046741 464
1713559175441 0.046731 465
1713559175445 0.046721 466
1713559175450 0.046712 467
1713559175454 0.046702 468
1713559175458 0.046693 469
1713559175462 0.046683 470
1713559175469 0.046674 471
1713559175474 0.046664 472
1713559175477 0.046655 473
1713559175484 0.046645 474
1713559175488 0.046636 475
1713559175492 0.046626 476
1713559175496 0.046617 477
1713559175500 0.046607 478
1713559175504 0.046598 479
1713559175508 0.046588 480
1713559175512 0.046579 481
1713559175516 0.046569 482
1713559175520 0.04656 483
1713559175524 0.04655 484
1713559175528 0.046541 485
1713559175532 0.046532 486
1713559175536 0.046522 487
1713559175540 0.046513 488
1713559175544 0.046503 489
1713559175549 0.046494 490
1713559175553 0.046485 491
1713559175557 0.046475 492
1713559175560 0.046466 493
1713559175566 0.046457 494
1713559175570 0.046447 495
1713559175575 0.046438 496
1713559175578 0.046429 497
1713559175582 0.04642 498
1713559175587 0.04641 499
1713559175591 0.046401 500
1713559175594 0.046392 501
1713559175599 0.046382 502
1713559175603 0.046373 503
1713559175607 0.046364 504
1713559175610 0.046355 505
1713559175615 0.046345 506
1713559175620 0.046336 507
1713559175624 0.046327 508
1713559175627 0.046318 509
1713559175632 0.046309 510
1713559175636 0.046299 511
1713559175639 0.04629 512
1713559175643 0.046281 513
1713559175647 0.046272 514
1713559175652 0.046263 515
1713559175656 0.046254 516
1713559175660 0.046245 517
1713559175665 0.046235 518
1713559175669 0.046226 519
1713559175672 0.046217 520
1713559175676 0.046208 521
1713559175682 0.046199 522
1713559175690 0.04619 523
1713559175696 0.046181 524
1713559175701 0.046172 525
1713559175704 0.046163 526
1713559175708 0.046154 527
1713559175712 0.046145 528
1713559175716 0.046136 529
1713559175721 0.046127 530
1713559175725 0.046118 531
1713559175728 0.046109 532
1713559175732 0.0461 533
1713559175737 0.046091 534
1713559175741 0.046082 535
1713559175744 0.046073 536
1713559175750 0.046064 537
1713559175753 0.046055 538
1713559175758 0.046046 539
1713559175761 0.046037 540
1713559175764 0.046028 541
1713559175769 0.046019 542
1713559175773 0.04601 543
1713559175776 0.046001 544
1713559175781 0.045993 545
1713559175784 0.045984 546
1713559175788 0.045975 547
1713559175792 0.045966 548
1713559175796 0.045957 549
1713559175800 0.045948 550
1713559175804 0.045939 551
1713559175807 0.045931 552
1713559175811 0.045922 553
1713559175816 0.045913 554
1713559175820 0.045904 555
1713559175824 0.045895 556
1713559175827 0.045887 557
1713559175831 0.045878 558
1713559175835 0.045869 559
1713559175839 0.04586 560
1713559175843 0.045852 561
1713559175847 0.045843 562
1713559175851 0.045834 563
1713559175854 0.045825 564
1713559175858 0.045817 565
1713559175862 0.045808 566
1713559175866 0.045799 567
1713559175871 0.045791 568
1713559175875 0.045782 569
1713559175880 0.045773 570
1713559175884 0.045764 571
1713559175888 0.045756 572
1713559175892 0.045747 573
1713559175897 0.045739 574
1713559175902 0.04573 575
1713559175906 0.045721 576
1713559175910 0.045713 577
1713559175915 0.045704 578
1713559175919 0.045695 579
1713559175923 0.045687 580
1713559175927 0.045678 581
1713559175931 0.04567 582
1713559175936 0.045661 583
1713559175940 0.045653 584
1713559175943 0.045644 585
1713559175947 0.045635 586
1713559175951 0.045627 587
1713559175954 0.045618 588
1713559175959 0.04561 589
1713559175962 0.045601 590
1713559175967 0.045593 591
1713559175971 0.045584 592
1713559175975 0.045576 593
1713559175978 0.045567 594
1713559175983 0.045559 595
1713559175986 0.04555 596
1713559175992 0.045542 597
1713559175998 0.045534 598
1713559176003 0.045525 599
1713559176006 0.045517 600
1713559176011 0.045508 601
1713559176015 0.0455 602
1713559176018 0.045491 603
1713559176022 0.045483 604
1713559176026 0.045475 605
1713559176030 0.045466 606
1713559176035 0.045458 607
1713559176040 0.04545 608
1713559176044 0.045441 609
1713559176049 0.045433 610
1713559176053 0.045425 611
1713559176057 0.045416 612
1713559176061 0.045408 613
1713559176066 0.0454 614
1713559176070 0.045391 615
1713559176074 0.045383 616
1713559176077 0.045375 617
1713559176082 0.045366 618
1713559176086 0.045358 619
1713559176090 0.04535 620
1713559176093 0.045342 621
1713559176099 0.045333 622
1713559176103 0.045325 623
1713559176107 0.045317 624
1713559176110 0.045309 625
1713559176117 0.0453 626
1713559176121 0.045292 627
1713559176125 0.045284 628
1713559176130 0.045276 629
1713559176134 0.045268 630
1713559176137 0.045259 631
1713559176141 0.045251 632
1713559176144 0.045243 633
1713559176149 0.045235 634
1713559176153 0.045227 635
1713559176157 0.045219 636
1713559176161 0.04521 637
1713559176166 0.045202 638
1713559176170 0.045194 639
1713559176173 0.045186 640
1713559176176 0.045178 641
1713559176181 0.04517 642
1713559176186 0.045162 643
1713559176189 0.045154 644
1713559176193 0.045146 645
1713559176196 0.045138 646
1713559176201 0.045129 647
1713559176204 0.045121 648
1713559176209 0.045113 649
1713559176212 0.045105 650
1713559176216 0.045097 651
1713559176220 0.045089 652
1713559176223 0.045081 653
1713559176228 0.045073 654
1713559176232 0.045065 655
1713559176236 0.045057 656
1713559176240 0.045049 657
1713559176243 0.045041 658
1713559176248 0.045033 659
1713559176251 0.045025 660
1713559176256 0.045017 661
1713559176259 0.04501 662
1713559176263 0.045002 663
1713559176268 0.044994 664
1713559176271 0.044986 665
1713559176275 0.044978 666
1713559176279 0.04497 667
1713559176283 0.044962 668
1713559176287 0.044954 669
1713559176291 0.044946 670
1713559176295 0.044938 671
1713559176300 0.04493 672
1713559176304 0.044923 673
1713559176307 0.044915 674
1713559176312 0.044907 675
1713559176316 0.044899 676
1713559176321 0.044891 677
1713559176325 0.044883 678
1713559176329 0.044876 679
1713559176334 0.044868 680
1713559176337 0.04486 681
1713559176341 0.044852 682
1713559176344 0.044844 683
1713559176349 0.044837 684
1713559176353 0.044829 685
1713559176357 0.044821 686
1713559176361 0.044813 687
1713559176365 0.044806 688
1713559176370 0.044798 689
1713559176374 0.04479 690
1713559176377 0.044782 691
1713559176382 0.044775 692
1713559176386 0.044767 693
1713559176391 0.044759 694
1713559176395 0.044752 695
1713559176399 0.044744 696
1713559176403 0.044736 697
1713559176406 0.044729 698
1713559176411 0.044721 699
1713559176416 0.044713 700
1713559176419 0.044706 701
1713559176423 0.044698 702
1713559176427 0.04469 703
1713559176432 0.044683 704
1713559176437 0.044675 705
1713559176441 0.044667 706
1713559176445 0.04466 707
1713559176449 0.044652 708
1713559176453 0.044645 709
1713559176457 0.044637 710
1713559176460 0.044629 711
1713559176466 0.044622 712
1713559176470 0.044614 713
1713559176474 0.044607 714
1713559176477 0.044599 715
1713559176481 0.044592 716
1713559176486 0.044584 717
1713559176490 0.044577 718
1713559176493 0.044569 719
1713559176498 0.044562 720
1713559176502 0.044554 721
1713559176506 0.044546 722
1713559176511 0.044539 723
1713559176516 0.044532 724
1713559176519 0.044524 725
1713559176523 0.044517 726
1713559176527 0.044509 727
1713559176532 0.044502 728
1713559176536 0.044494 729
1713559176541 0.044487 730
1713559176544 0.044479 731
1713559176549 0.044472 732
1713559176553 0.044464 733
1713559176557 0.044457 734
1713559176561 0.04445 735
1713559176566 0.044442 736
1713559176570 0.044435 737
1713559176574 0.044427 738
1713559176578 0.04442 739
1713559176583 0.044413 740
1713559176587 0.044405 741
1713559176591 0.044398 742
1713559176594 0.044391 743
1713559176600 0.044383 744
1713559176603 0.044376 745
1713559176608 0.044369 746
1713559176612 0.044361 747
1713559176616 0.044354 748
1713559176620 0.044347 749
1713559176624 0.044339 750
1713559176628 0.044332 751
1713559176632 0.044325 752
1713559176638 0.044317 753
1713559176641 0.04431 754
1713559176646 0.044303 755
1713559176650 0.044296 756
1713559176654 0.044288 757
1713559176658 0.044281 758
1713559176662 0.044274 759
1713559176667 0.044267 760
1713559176671 0.044259 761
1713559176675 0.044252 762
1713559176679 0.044245 763
1713559176684 0.044238 764
1713559176688 0.044231 765
1713559176691 0.044223 766
1713559176696 0.044216 767
1713559176700 0.044209 768
1713559176704 0.044202 769
1713559176709 0.044195 770
1713559176713 0.044188 771
1713559176718 0.04418 772
1713559176721 0.044173 773
1713559176725 0.044166 774
1713559176729 0.044159 775
1713559176734 0.044152 776
1713559176738 0.044145 777
1713559176742 0.044138 778
1713559176746 0.044131 779
1713559176752 0.044123 780
1713559176756 0.044116 781
1713559176759 0.044109 782
1713559176764 0.044102 783
1713559176769 0.044095 784
1713559176773 0.044088 785
1713559176778 0.044081 786
1713559176784 0.044074 787
1713559176788 0.044067 788
1713559176792 0.04406 789
1713559176796 0.044053 790
1713559176800 0.044046 791
1713559176804 0.044039 792
1713559176808 0.044032 793
1713559176812 0.044025 794
1713559176817 0.044018 795
1713559176820 0.044011 796
1713559176824 0.044004 797
1713559176828 0.043997 798
1713559176833 0.04399 799
1713559176836 0.043983 800
1713559176841 0.043976 801
1713559176845 0.043969 802
1713559176849 0.043962 803
1713559176853 0.043955 804
1713559176857 0.043948 805
1713559176860 0.043941 806
1713559176865 0.043934 807
1713559176869 0.043928 808
1713559176873 0.043921 809
1713559176878 0.043914 810
1713559176882 0.043907 811
1713559176886 0.0439 812
1713559176890 0.043893 813
1713559176894 0.043886 814
1713559176899 0.043879 815
1713559176904 0.043873 816
1713559176907 0.043866 817
1713559176911 0.043859 818
1713559176916 0.043852 819
1713559176920 0.043845 820
1713559176923 0.043838 821
1713559176928 0.043832 822
1713559176932 0.043825 823
1713559176937 0.043818 824
1713559176941 0.043811 825
1713559176944 0.043804 826
1713559176949 0.043798 827
1713559176953 0.043791 828
1713559176956 0.043784 829
1713559176960 0.043777 830
1713559176965 0.04377 831
1713559176970 0.043764 832
1713559176974 0.043757 833
1713559176977 0.04375 834
1713559176983 0.043743 835
1713559176987 0.043737 836
1713559176991 0.04373 837
1713559176995 0.043723 838
1713559177001 0.043717 839
1713559177004 0.04371 840
1713559177008 0.043703 841
1713559177014 0.043697 842
1713559177019 0.04369 843
1713559177023 0.043683 844
1713559177026 0.043677 845
1713559177031 0.04367 846
1713559177034 0.043663 847
1713559177038 0.043657 848
1713559177043 0.04365 849
1713559177049 0.043643 850
1713559177053 0.043637 851
1713559177058 0.04363 852
1713559177062 0.043623 853
1713559177066 0.043617 854
1713559177071 0.04361 855
1713559177075 0.043604 856
1713559177079 0.043597 857
1713559177083 0.04359 858
1713559177086 0.043584 859
1713559177091 0.043577 860
1713559177095 0.043571 861
1713559177099 0.043564 862
1713559177103 0.043558 863
1713559177107 0.043551 864
1713559177111 0.043544 865
1713559177115 0.043538 866
1713559177120 0.043531 867
1713559177124 0.043525 868
1713559177128 0.043518 869
1713559177132 0.043512 870
1713559177136 0.043505 871
1713559177141 0.043499 872
1713559177145 0.043492 873
1713559177149 0.043486 874
1713559177154 0.043479 875
1713559177157 0.043473 876
1713559177161 0.043466 877
1713559177165 0.04346 878
1713559177171 0.043454 879
1713559177174 0.043447 880
1713559177178 0.043441 881
1713559177182 0.043434 882
1713559177187 0.043428 883
1713559177191 0.043421 884
1713559177196 0.043415 885
1713559177201 0.043409 886
1713559177206 0.043402 887
1713559177209 0.043396 888
1713559177213 0.043389 889
1713559177219 0.043383 890
1713559177222 0.043377 891
1713559177226 0.04337 892
1713559177230 0.043364 893
1713559177234 0.043357 894
1713559177239 0.043351 895
1713559177243 0.043345 896
1713559177246 0.043338 897
1713559177251 0.043332 898
1713559177255 0.043326 899
1713559177258 0.043319 900
1713559177263 0.043313 901
1713559177268 0.043307 902
1713559177271 0.0433 903
1713559177275 0.043294 904
1713559177280 0.043288 905
1713559177284 0.043282 906
1713559177288 0.043275 907
1713559177292 0.043269 908
1713559177296 0.043263 909
1713559177300 0.043257 910
1713559177303 0.04325 911
1713559177308 0.043244 912
1713559177312 0.043238 913
1713559177316 0.043232 914
1713559177320 0.043225 915
1713559177324 0.043219 916
1713559177328 0.043213 917
1713559177332 0.043207 918
1713559177336 0.0432 919
1713559177339 0.043194 920
1713559177343 0.043188 921
1713559177348 0.043182 922
1713559177352 0.043176 923
1713559177355 0.043169 924
1713559177359 0.043163 925
1713559177363 0.043157 926
1713559177368 0.043151 927
1713559177371 0.043145 928
1713559177374 0.043139 929
1713559177379 0.043132 930
1713559177382 0.043126 931
1713559177388 0.04312 932
1713559177391 0.043114 933
1713559177396 0.043108 934
1713559177400 0.043102 935
1713559177404 0.043096 936
1713559177408 0.04309 937
1713559177412 0.043083 938
1713559177417 0.043077 939
1713559177421 0.043071 940
1713559177425 0.043065 941
1713559177429 0.043059 942
1713559177434 0.043053 943
1713559177438 0.043047 944
1713559177442 0.043041 945
1713559177445 0.043035 946
1713559177450 0.043029 947
1713559177454 0.043023 948
1713559177457 0.043017 949
1713559177461 0.043011 950
1713559177466 0.043005 951
1713559177469 0.042999 952
1713559177472 0.042993 953
1713559177476 0.042987 954
1713559177480 0.042981 955
1713559177484 0.042975 956
1713559177489 0.042969 957
1713559177493 0.042963 958
1713559177496 0.042957 959
1713559177500 0.042951 960
1713559177504 0.042945 961
1713559177508 0.042939 962
1713559177512 0.042933 963
1713559177516 0.042927 964
1713559177520 0.042921 965
1713559177524 0.042915 966
1713559177529 0.042909 967
1713559177533 0.042903 968
1713559177536 0.042897 969
1713559177540 0.042891 970
1713559177544 0.042885 971
1713559177550 0.04288 972
1713559177553 0.042874 973
1713559177557 0.042868 974
1713559177560 0.042862 975
1713559177565 0.042856 976
1713559177569 0.04285 977
1713559177573 0.042844 978
1713559177576 0.042838 979
1713559177581 0.042832 980
1713559177585 0.042827 981
1713559177590 0.042821 982
1713559177593 0.042815 983
1713559177597 0.042809 984
1713559177601 0.042803 985
1713559177606 0.042797 986
1713559177610 0.042792 987
1713559177614 0.042786 988
1713559177618 0.04278 989
1713559177623 0.042774 990
1713559177628 0.042768 991
1713559177633 0.042763 992
1713559177638 0.042757 993
1713559177642 0.042751 994
1713559177645 0.042745 995
1713559177651 0.042739 996
1713559177656 0.042734 997
1713559177659 0.042728 998
1713559177663 0.042722 999
