1713642018475 0.281515 0
1713642018488 0.280375 1
1713642018494 0.27822 2
1713642018509 0.275168 3
1713642018525 0.271335 4
1713642018537 0.266827 5
1713642018538 0.261745 6
1713642018559 0.256183 7
1713642018574 0.250226 8
1713642018574 0.243953 9
1713642018590 0.237436 10
1713642018606 0.230739 11
1713642018621 0.223919 12
1713642018623 0.217028 13
1713642018639 0.210112 14
1713642018655 0.20321 15
1713642018655 0.196357 16
1713642018670 0.189583 17
1713642018690 0.182915 18
1713642018709 0.176374 19
1713642018709 0.169978 20
1713642018733 0.163743 21
1713642018738 0.157681 22
1713642018755 0.151801 23
1713642018755 0.14611 24
1713642018773 0.140615 25
1713642018789 0.135318 26
1713642018805 0.130221 27
1713642018807 0.125324 28
1713642018824 0.120627 29
1713642018840 0.116129 30
1713642018856 0.111825 31
1713642018856 0.107714 32
1713642018874 0.103791 33
1713642018893 0.100051 34
1713642018910 0.09649 35
1713642018922 0.093102 36
1713642018924 0.089882 37
1713642018939 0.086824 38
1713642018957 0.083922 39
1713642018973 0.081171 40
1713642018973 0.078564 41
1713642018990 0.076096 42
1713642019008 0.07376 43
1713642019025 0.071551 44
1713642019025 0.069464 45
1713642019041 0.067492 46
1713642019057 0.065631 47
1713642019072 0.063875 48
1713642019072 0.062218 49
1713642019088 0.060657 50
1713642019108 0.059185 51
1713642019127 0.057799 52
1713642019140 0.056494 53
1713642019142 0.055266 54
1713642019155 0.05411 55
1713642019171 0.053023 56
1713642019186 0.052002 57
1713642019186 0.051041 58
1713642019202 0.050139 59
1713642019218 0.049291 60
1713642019233 0.048495 61
1713642019241 0.047747 62
1713642019257 0.047046 63
1713642019272 0.046387 64
1713642019272 0.04577 65
1713642019288 0.04519 66
1713642019304 0.044647 67
1713642019324 0.044138 68
1713642019324 0.04366 69
1713642019348 0.043212 70
1713642019355 0.042793 71
1713642019372 0.0424 72
1713642019372 0.042032 73
1713642019387 0.041688 74
1713642019403 0.041365 75
1713642019418 0.041063 76
1713642019434 0.04078 77
1713642019434 0.040515 78
1713642019458 0.040267 79
1713642019458 0.040035 80
1713642019474 0.039818 81
1713642019489 0.039615 82
1713642019505 0.039425 83
1713642019521 0.039247 84
1713642019525 0.039081 85
1713642019546 0.038926 86
1713642019559 0.03878 87
1713642019559 0.038645 88
1713642019574 0.038517 89
1713642019589 0.038399 90
1713642019605 0.038288 91
1713642019605 0.038184 92
1713642019620 0.038087 93
1713642019636 0.037996 94
1713642019652 0.037912 95
1713642019652 0.037832 96
1713642019674 0.037759 97
1713642019674 0.037689 98
1713642019690 0.037625 99
1713642019706 0.037565 100
1713642019721 0.037508 101
1713642019721 0.037456 102
1713642019742 0.037407 103
1713642019763 0.037361 104
1713642019772 0.037318 105
1713642019772 0.037278 106
1713642019792 0.03724 107
1713642019807 0.037205 108
1713642019823 0.037173 109
1713642019823 0.037142 110
1713642019839 0.037114 111
1713642019854 0.037087 112
1713642019870 0.037063 113
1713642019870 0.037039 114
1713642019891 0.037018 115
1713642019907 0.036998 116
1713642019907 0.036979 117
1713642019923 0.036961 118
1713642019943 0.036945 119
1713642019963 0.03693 120
1713642019972 0.036915 121
1713642019972 0.036902 122
1713642019992 0.036889 123
1713642020007 0.036878 124
1713642020023 0.036867 125
1713642020023 0.036857 126
1713642020039 0.036847 127
1713642020054 0.036839 128
1713642020070 0.03683 129
1713642020070 0.036823 130
1713642020086 0.036816 131
1713642020108 0.036809 132
1713642020108 0.036803 133
1713642020124 0.036797 134
1713642020145 0.036791 135
1713642020162 0.036786 136
1713642020172 0.036782 137
1713642020172 0.036777 138
1713642020189 0.036773 139
1713642020208 0.036769 140
1713642020208 0.036766 141
1713642020224 0.036762 142
1713642020239 0.036759 143
1713642020255 0.036756 144
1713642020255 0.036753 145
1713642020270 0.036751 146
1713642020286 0.036749 147
1713642020307 0.036746 148
1713642020309 0.036744 149
1713642020325 0.036742 150
1713642020340 0.036741 151
1713642020356 0.036739 152
1713642020360 0.036737 153
1713642020382 0.036736 154
1713642020388 0.036734 155
1713642020406 0.036733 156
1713642020408 0.036732 157
1713642020424 0.036731 158
1713642020440 0.03673 159
1713642020440 0.036729 160
1713642020455 0.036728 161
1713642020471 0.036727 162
1713642020486 0.036726 163
1713642020502 0.036726 164
1713642020502 0.036725 165
1713642020525 0.036724 166
1713642020525 0.036724 167
1713642020541 0.036723 168
1713642020556 0.036723 169
1713642020576 0.036722 170
1713642020591 0.036722 171
1713642020603 0.036721 172
1713642020605 0.036721 173
1713642020625 0.036721 174
1713642020625 0.03672 175
1713642020641 0.03672 176
1713642020657 0.03672 177
1713642020671 0.036719 178
1713642020687 0.036719 179
1713642020687 0.036719 180
1713642020703 0.036719 181
1713642020725 0.036718 182
1713642020725 0.036718 183
1713642020741 0.036718 184
1713642020756 0.036718 185
1713642020772 0.036718 186
1713642020772 0.036718 187
1713642020792 0.036717 188
1713642020810 0.036717 189
1713642020822 0.036717 190
1713642020826 0.036717 191
1713642020838 0.036717 192
1713642020854 0.036717 193
1713642020869 0.036717 194
1713642020885 0.036717 195
1713642020901 0.036717 196
1713642020916 0.036716 197
1713642020932 0.036716 198
1713642020946 0.036716 199
1713642020961 0.036716 200
1713642020961 0.036716 201
1713642020988 0.036716 202
1713642020988 0.036716 203
1713642021008 0.036716 204
1713642021038 0.036716 205
1713642021042 0.036716 206
1713642021056 0.036716 207
1713642021071 0.036716 208
1713642021087 0.036716 209
1713642021103 0.036716 210
1713642021103 0.036716 211
1713642021118 0.036716 212
1713642021134 0.036716 213
1713642021156 0.036716 214
1713642021158 0.036716 215
1713642021174 0.036716 216
1713642021189 0.036716 217
1713642021209 0.036716 218
1713642021226 0.036716 219
1713642021238 0.036716 220
1713642021238 0.036716 221
1713642021258 0.036716 222
1713642021274 0.036716 223
1713642021274 0.036716 224
1713642021290 0.036716 225
1713642021305 0.036716 226
1713642021321 0.036715 227
1713642021321 0.036715 228
1713642021336 0.036715 229
1713642021352 0.036715 230
1713642021368 0.036715 231
1713642021376 0.036715 232
1713642021392 0.036715 233
1713642021411 0.036715 234
1713642021424 0.036715 235
1713642021436 0.036715 236
1713642021439 0.036715 237
1713642021456 0.036715 238
1713642021472 0.036715 239
1713642021475 0.036715 240
1713642021491 0.036715 241
1713642021506 0.036715 242
1713642021506 0.036715 243
1713642021522 0.036715 244
1713642021537 0.036715 245
1713642021553 0.036715 246
1713642021569 0.036715 247
1713642021575 0.036715 248
1713642021590 0.036715 249
1713642021606 0.036715 250
1713642021606 0.036715 251
1713642021626 0.036715 252
1713642021645 0.036715 253
1713642021655 0.036715 254
1713642021655 0.036715 255
1713642021675 0.036715 256
1713642021691 0.036715 257
1713642021691 0.036715 258
1713642021706 0.036715 259
1713642021722 0.036715 260
1713642021738 0.036715 261
1713642021753 0.036715 262
1713642021753 0.036715 263
1713642021769 0.036715 264
1713642021790 0.036715 265
1713642021792 0.036715 266
1713642021807 0.036715 267
1713642021828 0.036715 268
1713642021841 0.036715 269
1713642021852 0.036715 270
1713642021855 0.036715 271
1713642021872 0.036715 272
1713642021888 0.036715 273
1713642021892 0.036715 274
1713642021907 0.036715 275
1713642021923 0.036715 276
1713642021923 0.036715 277
1713642021938 0.036715 278
1713642021954 0.036715 279
1713642021970 0.036715 280
1713642021991 0.036715 281
1713642021992 0.036715 282
1713642022008 0.036715 283
1713642022021 0.036715 284
1713642022041 0.036715 285
1713642022042 0.036715 286
1713642022065 0.036715 287
1713642022072 0.036715 288
1713642022089 0.036715 289
1713642022092 0.036715 290
1713642022108 0.036715 291
1713642022123 0.036715 292
1713642022123 0.036715 293
1713642022139 0.036715 294
1713642022155 0.036715 295
1713642022170 0.036715 296
1713642022186 0.036715 297
1713642022186 0.036715 298
1713642022208 0.036715 299
1713642022224 0.036715 300
1713642022240 0.036715 301
1713642022245 0.036715 302
1713642022267 0.036715 303
1713642022272 0.036715 304
1713642022288 0.036715 305
1713642022288 0.036715 306
1713642022308 0.036715 307
1713642022324 0.036715 308
1713642022340 0.036715 309
1713642022340 0.036715 310
1713642022355 0.036715 311
1713642022371 0.036715 312
1713642022387 0.036715 313
1713642022387 0.036715 314
1713642022402 0.036715 315
1713642022425 0.036715 316
1713642022441 0.036715 317
1713642022455 0.036715 318
1713642022468 0.036715 319
1713642022472 0.036715 320
1713642022488 0.036715 321
1713642022504 0.036715 322
1713642022504 0.036715 323
1713642022525 0.036715 324
1713642022541 0.036715 325
1713642022557 0.036715 326
1713642022557 0.036715 327
1713642022573 0.036715 328
1713642022589 0.036715 329
1713642022605 0.036715 330
1713642022605 0.036715 331
1713642022620 0.036715 332
1713642022642 0.036715 333
1713642022657 0.036715 334
1713642022661 0.036715 335
1713642022682 0.036715 336
1713642022688 0.036715 337
1713642022705 0.036715 338
1713642022705 0.036715 339
1713642022720 0.036715 340
1713642022742 0.036715 341
1713642022757 0.036715 342
1713642022757 0.036715 343
1713642022773 0.036715 344
1713642022788 0.036715 345
1713642022804 0.036715 346
1713642022804 0.036715 347
1713642022820 0.036715 348
1713642022835 0.036715 349
1713642022851 0.036715 350
1713642022858 0.036715 351
1713642022878 0.036715 352
1713642022890 0.036715 353
1713642022901 0.036715 354
1713642022905 0.036715 355
1713642022922 0.036715 356
1713642022937 0.036715 357
1713642022953 0.036715 358
1713642022960 0.036715 359
1713642022976 0.036715 360
1713642022976 0.036715 361
1713642022991 0.036715 362
1713642023007 0.036715 363
1713642023023 0.036715 364
1713642023038 0.036715 365
1713642023038 0.036715 366
1713642023058 0.036715 367
1713642023071 0.036715 368
1713642023071 0.036715 369
1713642023092 0.036715 370
1713642023111 0.036715 371
1713642023122 0.036715 372
1713642023122 0.036715 373
1713642023138 0.036715 374
1713642023159 0.036715 375
1713642023159 0.036715 376
1713642023174 0.036715 377
1713642023190 0.036715 378
1713642023206 0.036715 379
1713642023206 0.036715 380
1713642023221 0.036715 381
1713642023237 0.036715 382
1713642023253 0.036715 383
1713642023268 0.036715 384
1713642023275 0.036715 385
1713642023295 0.036715 386
1713642023310 0.036715 387
1713642023322 0.036715 388
1713642023322 0.036715 389
1713642023338 0.036715 390
1713642023354 0.036715 391
1713642023354 0.036715 392
1713642023375 0.036715 393
1713642023390 0.036715 394
1713642023406 0.036715 395
1713642023406 0.036715 396
1713642023422 0.036715 397
1713642023437 0.036715 398
1713642023453 0.036715 399
1713642023468 0.036715 400
1713642023468 0.036715 401
1713642023491 0.036715 402
1713642023491 0.036715 403
1713642023512 0.036715 404
1713642023530 0.036715 405
1713642023538 0.036715 406
1713642023553 0.036715 407
1713642023555 0.036715 408
1713642023571 0.036715 409
1713642023590 0.036715 410
1713642023591 0.036715 411
1713642023607 0.036715 412
1713642023623 0.036715 413
1713642023623 0.036715 414
1713642023638 0.036715 415
1713642023654 0.036715 416
1713642023670 0.036715 417
1713642023685 0.036715 418
1713642023685 0.036715 419
1713642023708 0.036715 420
1713642023724 0.036715 421
1713642023728 0.036715 422
1713642023748 0.036715 423
1713642023759 0.036715 424
1713642023772 0.036715 425
1713642023772 0.036715 426
1713642023787 0.036715 427
1713642023808 0.036715 428
1713642023808 0.036715 429
1713642023824 0.036715 430
1713642023839 0.036715 431
1713642023855 0.036715 432
1713642023855 0.036715 433
1713642023871 0.036715 434
1713642023886 0.036715 435
1713642023902 0.036715 436
1713642023917 0.036715 437
1713642023925 0.036715 438
1713642023945 0.036715 439
1713642023959 0.036715 440
1713642023972 0.036715 441
1713642023972 0.036715 442
1713642023988 0.036715 443
1713642024005 0.036715 444
1713642024005 0.036715 445
1713642024024 0.036715 446
1713642024040 0.036715 447
1713642024056 0.036715 448
1713642024056 0.036715 449
1713642024071 0.036715 450
1713642024088 0.036715 451
1713642024104 0.036715 452
1713642024104 0.036715 453
1713642024125 0.036715 454
1713642024141 0.036715 455
1713642024141 0.036715 456
1713642024161 0.036715 457
1713642024180 0.036715 458
1713642024188 0.036715 459
1713642024205 0.036715 460
1713642024205 0.036715 461
1713642024225 0.036715 462
1713642024240 0.036715 463
1713642024240 0.036715 464
1713642024256 0.036715 465
1713642024272 0.036715 466
1713642024287 0.036715 467
1713642024287 0.036715 468
1713642024303 0.036715 469
1713642024319 0.036715 470
1713642024334 0.036715 471
1713642024341 0.036715 472
1713642024357 0.036715 473
1713642024357 0.036715 474
1713642024377 0.036715 475
1713642024397 0.036715 476
1713642024405 0.036715 477
1713642024421 0.036715 478
1713642024421 0.036715 479
1713642024441 0.036715 480
1713642024457 0.036715 481
1713642024457 0.036715 482
1713642024473 0.036715 483
1713642024488 0.036715 484
1713642024504 0.036715 485
1713642024504 0.036715 486
1713642024521 0.036715 487
1713642024537 0.036715 488
1713642024556 0.036715 489
1713642024558 0.036715 490
1713642024581 0.036715 491
1713642024590 0.036715 492
1713642024605 0.036715 493
1713642024605 0.036715 494
1713642024621 0.036715 495
1713642024636 0.036715 496
1713642024652 0.036715 497
1713642024658 0.036715 498
1713642024674 0.036715 499
1713642024674 0.036715 500
1713642024690 0.036715 501
1713642024705 0.036715 502
1713642024721 0.036715 503
1713642024721 0.036715 504
1713642024736 0.036715 505
1713642024760 0.036715 506
1713642024760 0.036715 507
1713642024780 0.036715 508
1713642024797 0.036715 509
1713642024805 0.036715 510
1713642024822 0.036715 511
1713642024822 0.036715 512
1713642024837 0.036715 513
1713642024853 0.036715 514
1713642024873 0.036715 515
1713642024875 0.036715 516
1713642024891 0.036715 517
1713642024906 0.036715 518
1713642024906 0.036715 519
1713642024922 0.036715 520
1713642024937 0.036715 521
1713642024953 0.036715 522
1713642024971 0.036715 523
1713642024975 0.036715 524
1713642024995 0.036715 525
1713642025010 0.036715 526
1713642025022 0.036715 527
1713642025022 0.036715 528
1713642025038 0.036715 529
1713642025054 0.036715 530
1713642025070 0.036715 531
1713642025075 0.036715 532
1713642025088 0.036715 533
1713642025104 0.036715 534
1713642025104 0.036715 535
1713642025119 0.036715 536
1713642025135 0.036715 537
1713642025151 0.036715 538
1713642025166 0.036715 539
1713642025166 0.036715 540
1713642025192 0.036715 541
1713642025192 0.036715 542
1713642025212 0.036715 543
1713642025229 0.036715 544
1713642025238 0.036715 545
1713642025253 0.036715 546
1713642025255 0.036715 547
1713642025271 0.036715 548
1713642025290 0.036715 549
1713642025292 0.036715 550
1713642025307 0.036715 551
1713642025323 0.036715 552
1713642025339 0.036715 553
1713642025339 0.036715 554
1713642025354 0.036715 555
1713642025370 0.036715 556
1713642025385 0.036715 557
1713642025385 0.036715 558
1713642025408 0.036715 559
1713642025424 0.036715 560
1713642025438 0.036715 561
1713642025450 0.036715 562
1713642025456 0.036715 563
1713642025472 0.036715 564
1713642025472 0.036715 565
1713642025487 0.036715 566
1713642025508 0.036715 567
1713642025524 0.036715 568
1713642025524 0.036715 569
1713642025540 0.036715 570
1713642025555 0.036715 571
1713642025572 0.036715 572
1713642025572 0.036715 573
1713642025587 0.036715 574
1713642025607 0.036715 575
1713642025607 0.036715 576
1713642025625 0.036715 577
1713642025645 0.036715 578
1713642025659 0.036715 579
1713642025670 0.036715 580
1713642025672 0.036715 581
1713642025688 0.036715 582
1713642025704 0.036714 583
1713642025704 0.036714 584
1713642025724 0.036714 585
1713642025740 0.036714 586
1713642025756 0.036714 587
1713642025756 0.036714 588
1713642025771 0.036714 589
1713642025787 0.036714 590
1713642025803 0.036714 591
1713642025803 0.036714 592
1713642025818 0.036714 593
1713642025842 0.036714 594
1713642025842 0.036714 595
1713642025859 0.036714 596
1713642025880 0.036714 597
1713642025888 0.036714 598
1713642025903 0.036714 599
1713642025905 0.036714 600
1713642025921 0.036714 601
1713642025942 0.036714 602
1713642025943 0.036714 603
1713642025958 0.036714 604
1713642025971 0.036714 605
1713642025987 0.036714 606
1713642026003 0.036714 607
1713642026018 0.036714 608
1713642026018 0.036714 609
1713642026038 0.036714 610
1713642026055 0.036714 611
1713642026058 0.036714 612
1713642026078 0.036714 613
1713642026092 0.036714 614
1713642026105 0.036714 615
1713642026105 0.036714 616
1713642026122 0.036714 617
1713642026137 0.036714 618
1713642026153 0.036714 619
1713642026158 0.036714 620
1713642026174 0.036714 621
1713642026189 0.036714 622
1713642026189 0.036714 623
1713642026205 0.036714 624
1713642026221 0.036714 625
1713642026236 0.036714 626
1713642026236 0.036714 627
1713642026252 0.036714 628
1713642026276 0.036714 629
1713642026276 0.036714 630
1713642026297 0.036714 631
1713642026312 0.036714 632
1713642026322 0.036714 633
1713642026337 0.036714 634
1713642026338 0.036714 635
1713642026354 0.036714 636
1713642026372 0.036714 637
1713642026375 0.036714 638
1713642026390 0.036714 639
1713642026406 0.036714 640
1713642026406 0.036714 641
1713642026421 0.036714 642
1713642026437 0.036714 643
1713642026453 0.036714 644
1713642026468 0.036714 645
1713642026468 0.036714 646
1713642026491 0.036714 647
1713642026491 0.036714 648
1713642026511 0.036714 649
1713642026532 0.036714 650
1713642026538 0.036714 651
1713642026555 0.036714 652
1713642026555 0.036714 653
1713642026571 0.036714 654
1713642026591 0.036714 655
1713642026591 0.036714 656
1713642026607 0.036714 657
1713642026624 0.036714 658
1713642026639 0.036714 659
1713642026639 0.036714 660
1713642026655 0.036714 661
1713642026671 0.036714 662
1713642026692 0.036714 663
1713642026692 0.036714 664
1713642026705 0.036714 665
1713642026726 0.036714 666
1713642026741 0.036714 667
1713642026752 0.036714 668
1713642026755 0.036714 669
1713642026772 0.036714 670
1713642026791 0.036714 671
1713642026792 0.036714 672
1713642026808 0.036714 673
1713642026824 0.036714 674
1713642026839 0.036714 675
1713642026839 0.036714 676
1713642026855 0.036714 677
1713642026871 0.036714 678
1713642026886 0.036714 679
1713642026886 0.036714 680
1713642026908 0.036714 681
1713642026925 0.036714 682
1713642026928 0.036714 683
1713642026951 0.036714 684
1713642026955 0.036714 685
1713642026972 0.036714 686
1713642026987 0.036714 687
1713642026987 0.036714 688
1713642027008 0.036714 689
1713642027023 0.036714 690
1713642027039 0.036714 691
1713642027039 0.036714 692
1713642027055 0.036714 693
1713642027070 0.036714 694
1713642027070 0.036714 695
1713642027086 0.036714 696
1713642027102 0.036714 697
1713642027123 0.036714 698
1713642027125 0.036714 699
1713642027146 0.036714 700
1713642027163 0.036714 701
1713642027172 0.036714 702
1713642027187 0.036714 703
1713642027189 0.036714 704
1713642027205 0.036714 705
1713642027225 0.036714 706
1713642027238 0.036714 707
1713642027238 0.036714 708
1713642027254 0.036714 709
1713642027269 0.036714 710
1713642027285 0.036714 711
1713642027285 0.036714 712
1713642027301 0.036714 713
1713642027316 0.036714 714
1713642027342 0.036714 715
1713642027342 0.036714 716
1713642027363 0.036714 717
1713642027381 0.036714 718
1713642027388 0.036714 719
1713642027405 0.036714 720
1713642027405 0.036714 721
1713642027425 0.036714 722
1713642027442 0.036714 723
1713642027459 0.036714 724
1713642027471 0.036714 725
1713642027475 0.036714 726
1713642027491 0.036714 727
1713642027508 0.036714 728
1713642027525 0.036714 729
1713642027525 0.036714 730
1713642027542 0.036714 731
1713642027562 0.036714 732
1713642027577 0.036714 733
1713642027590 0.036714 734
1713642027592 0.036714 735
1713642027608 0.036714 736
1713642027625 0.036714 737
1713642027642 0.036714 738
1713642027655 0.036714 739
1713642027658 0.036714 740
1713642027675 0.036714 741
1713642027691 0.036714 742
1713642027691 0.036714 743
1713642027706 0.036714 744
1713642027722 0.036714 745
1713642027738 0.036714 746
1713642027755 0.036714 747
1713642027758 0.036714 748
1713642027778 0.036714 749
1713642027792 0.036714 750
1713642027804 0.036714 751
1713642027805 0.036714 752
1713642027822 0.036714 753
1713642027837 0.036714 754
1713642027853 0.036714 755
1713642027858 0.036714 756
1713642027874 0.036714 757
1713642027874 0.036714 758
1713642027889 0.036714 759
1713642027905 0.036714 760
1713642027921 0.036714 761
1713642027921 0.036714 762
1713642027936 0.036714 763
1713642027960 0.036714 764
1713642027975 0.036714 765
1713642027990 0.036714 766
1713642028002 0.036714 767
1713642028005 0.036714 768
1713642028022 0.036714 769
1713642028037 0.036714 770
1713642028037 0.036714 771
1713642028058 0.036714 772
1713642028074 0.036714 773
1713642028074 0.036714 774
1713642028089 0.036714 775
1713642028105 0.036714 776
1713642028120 0.036714 777
1713642028120 0.036714 778
1713642028136 0.036714 779
1713642028152 0.036714 780
1713642028167 0.036714 781
1713642028175 0.036714 782
1713642028195 0.036714 783
1713642028208 0.036714 784
1713642028219 0.036714 785
1713642028222 0.036714 786
1713642028239 0.036714 787
1713642028254 0.036714 788
1713642028254 0.036714 789
1713642028275 0.036714 790
1713642028290 0.036714 791
1713642028290 0.036714 792
1713642028306 0.036714 793
1713642028322 0.036714 794
1713642028337 0.036714 795
1713642028337 0.036714 796
1713642028353 0.036714 797
1713642028369 0.036714 798
1713642028388 0.036714 799
1713642028392 0.036714 800
1713642028413 0.036714 801
1713642028426 0.036714 802
1713642028438 0.036714 803
1713642028438 0.036714 804
1713642028455 0.036714 805
1713642028471 0.036714 806
1713642028471 0.036714 807
1713642028491 0.036714 808
1713642028507 0.036714 809
1713642028521 0.036714 810
1713642028524 0.036714 811
1713642028541 0.036714 812
1713642028556 0.036714 813
1713642028556 0.036714 814
1713642028572 0.036714 815
1713642028592 0.036714 816
1713642028608 0.036714 817
1713642028612 0.036714 818
1713642028631 0.036714 819
1713642028638 0.036714 820
1713642028657 0.036714 821
1713642028657 0.036714 822
1713642028672 0.036714 823
1713642028688 0.036714 824
1713642028705 0.036714 825
1713642028708 0.036714 826
1713642028724 0.036714 827
1713642028739 0.036714 828
1713642028739 0.036714 829
1713642028755 0.036714 830
1713642028771 0.036714 831
1713642028786 0.036714 832
1713642028789 0.036714 833
1713642028809 0.036714 834
1713642028825 0.036714 835
1713642028827 0.036714 836
1713642028849 0.036714 837
1713642028855 0.036714 838
1713642028872 0.036714 839
1713642028872 0.036714 840
1713642028888 0.036714 841
1713642028905 0.036714 842
1713642028921 0.036714 843
1713642028925 0.036714 844
1713642028939 0.036714 845
1713642028955 0.036714 846
1713642028971 0.036714 847
1713642028972 0.036714 848
1713642028989 0.036714 849
1713642029005 0.036714 850
1713642029005 0.036714 851
1713642029025 0.036714 852
1713642029045 0.036714 853
1713642029069 0.036714 854
1713642029072 0.036714 855
1713642029089 0.036714 856
1713642029105 0.036714 857
1713642029105 0.036714 858
1713642029122 0.036714 859
1713642029143 0.036714 860
1713642029155 0.036714 861
1713642029155 0.036714 862
1713642029172 0.036714 863
1713642029189 0.036714 864
1713642029205 0.036714 865
1713642029205 0.036714 866
1713642029222 0.036714 867
1713642029242 0.036714 868
1713642029255 0.036714 869
1713642029259 0.036714 870
1713642029280 0.036714 871
1713642029289 0.036714 872
1713642029305 0.036714 873
1713642029305 0.036714 874
1713642029322 0.036714 875
1713642029342 0.036714 876
1713642029342 0.036714 877
1713642029355 0.036714 878
1713642029372 0.036714 879
1713642029389 0.036714 880
1713642029389 0.036714 881
1713642029405 0.036714 882
1713642029422 0.036714 883
1713642029437 0.036714 884
1713642029439 0.036714 885
1713642029459 0.036714 886
1713642029477 0.036714 887
1713642029493 0.036714 888
1713642029504 0.036714 889
1713642029505 0.036714 890
1713642029522 0.036714 891
1713642029539 0.036714 892
1713642029539 0.036714 893
1713642029559 0.036714 894
1713642029572 0.036714 895
1713642029572 0.036714 896
1713642029588 0.036714 897
1713642029605 0.036714 898
1713642029622 0.036714 899
1713642029622 0.036714 900
1713642029639 0.036714 901
1713642029659 0.036714 902
1713642029675 0.036714 903
1713642029687 0.036714 904
1713642029691 0.036714 905
1713642029713 0.036714 906
1713642029722 0.036714 907
1713642029738 0.036714 908
1713642029738 0.036714 909
1713642029755 0.036714 910
1713642029774 0.036714 911
1713642029775 0.036714 912
1713642029789 0.036714 913
1713642029805 0.036714 914
1713642029821 0.036714 915
1713642029822 0.036714 916
1713642029838 0.036714 917
1713642029855 0.036714 918
1713642029855 0.036714 919
1713642029875 0.036714 920
1713642029894 0.036714 921
1713642029907 0.036714 922
1713642029918 0.036714 923
1713642029922 0.036714 924
1713642029939 0.036714 925
1713642029955 0.036714 926
1713642029955 0.036714 927
1713642029972 0.036714 928
1713642029992 0.036714 929
1713642030005 0.036714 930
1713642030021 0.036714 931
1713642030022 0.036714 932
1713642030038 0.036714 933
1713642030055 0.036714 934
1713642030055 0.036714 935
1713642030072 0.036714 936
1713642030093 0.036714 937
1713642030108 0.036714 938
1713642030110 0.036714 939
1713642030133 0.036714 940
1713642030139 0.036714 941
1713642030155 0.036714 942
1713642030172 0.036714 943
1713642030187 0.036714 944
1713642030188 0.036714 945
1713642030209 0.036714 946
1713642030222 0.036714 947
1713642030237 0.036714 948
1713642030238 0.036714 949
1713642030255 0.036714 950
1713642030272 0.036714 951
1713642030272 0.036714 952
1713642030289 0.036714 953
1713642030308 0.036714 954
1713642030325 0.036714 955
1713642030326 0.036714 956
1713642030350 0.036714 957
1713642030355 0.036714 958
1713642030372 0.036714 959
1713642030372 0.036714 960
1713642030388 0.036714 961
1713642030409 0.036714 962
1713642030422 0.036714 963
1713642030437 0.036714 964
1713642030439 0.036714 965
1713642030455 0.036714 966
1713642030472 0.036714 967
1713642030489 0.036714 968
1713642030505 0.036714 969
1713642030505 0.036714 970
1713642030525 0.036714 971
1713642030543 0.036714 972
1713642030560 0.036714 973
1713642030574 0.036714 974
1713642030586 0.036714 975
1713642030589 0.036714 976
1713642030605 0.036714 977
1713642030624 0.036714 978
1713642030626 0.036714 979
1713642030638 0.036714 980
1713642030655 0.036714 981
1713642030673 0.036714 982
1713642030688 0.036714 983
1713642030704 0.036714 984
1713642030705 0.036714 985
1713642030725 0.036714 986
1713642030738 0.036714 987
1713642030755 0.036714 988
1713642030759 0.036714 989
1713642030780 0.036714 990
1713642030789 0.036714 991
1713642030804 0.036714 992
1713642030805 0.036714 993
1713642030825 0.036714 994
1713642030838 0.036714 995
1713642030854 0.036714 996
1713642030855 0.036714 997
1713642030872 0.036714 998
1713642030889 0.036714 999
